0004
0020
0020
00E0
0063
0082
00E2
0040
00C4
0020
00A0
0040
0000
0020
0061
0003
0083
00E9
00E5
00A0
00E4
00EA
0086
00C5
00A0
0000
0080
00E5
00EA
00E8
00A0
00E7
0080
00E2
0060
00EA
00EC
0007
0060
0020
00E6
00C4
0023
0040
00E7
0081
00A1
0040
00C2
00E7
0083
0000
0080
00E5
0042
00E7
0080
0086
00C2
00E3
00C0
00A7
00E6
00E3
00A3
00E1
00E2
00E3
00E5
0080
00E3
00E5
00A2
0080
0066
00E3
0020
00E0
0080
00E1
00E2
00E0
0040
0042
00E5
0042
00C0
00E4
00E4
00E0
00E1
00E3
00A1
00E2
00E2
0042
00E8
0025
00E9
0026
00C7
00C2
00E2
00A1
0024
00C6
00E4
00C3
00EA
008C
004E
008D
00EC
00A1
00E3
00E5
0045
0080
00E6
00A5
0080
0080
0080
0080
0040
0080
0080
0083
0060
0000
0060
0048
00EC
0043
0080
0040
0020
0020
00C0
00E2
00EC
0026
0040
0020
0000
0007
006B
000A
0040
0040
0060
00AD
00A8
0069
00A0
0020
0000
0000
00A0
00C0
0089
0087
0069
0029
006A
0000
0040
0020
0000
