0023
0000
0000
00A0
00A2
00E1
00C1
00C4
0004
00A0
0060
0020
0000
0020
00C0
0069
00E8
00C2
0020
00E4
0020
00E7
0047
0068
0000
0000
00A0
00EA
00EB
00E6
00E2
00E0
00C0
00E1
00E2
0082
00EA
0068
0000
00C0
00EA
0043
0083
00E3
00E2
00C0
00E3
00C1
0060
00E7
0083
0080
00E2
00E4
00A2
00EA
0040
00E4
00E7
00E0
00E7
00A0
00E3
00E5
0022
00E0
0060
00C0
0000
0080
00E0
00A0
0000
0020
0020
0020
00E3
00E1
00C0
00E5
0000
00A0
00A0
00E5
00E4
0061
0040
0080
00E3
00A0
00A0
00E4
00E0
00E6
0082
00E6
00C3
00C5
00C6
0085
00E5
00E2
00E0
00E3
00C1
00E7
0040
00E6
00E3
00ED
00EC
00CE
0045
00E6
0020
00E6
0026
0000
0083
00E4
0042
0000
0080
0020
0060
0020
0022
00E3
00A2
00A0
0040
00A5
00ED
00ED
00A0
0020
0000
0000
0060
00AA
00EC
0026
0040
0020
00A0
00A7
0065
0080
0060
0080
0020
0040
0086
00E7
00C0
0020
0000
0000
00C0
00C0
0065
0087
00C7
00A9
00C5
0020
00A0
0020
0000
